%YAML:1.0
R: !!opencv-matrix
   rows: 3
   cols: 3
   dt: d
   data: [ 9.9979538139247015e-01, -5.2808856448186446e-03,
       -1.9527098942024368e-02, 5.7345241687228226e-03,
       9.9971326586490594e-01, 2.3248683538691670e-02,
       1.9398726217037927e-02, -2.3355905046267156e-02,
       9.9953898929487794e-01 ]
T: !!opencv-matrix
   rows: 3
   cols: 1
   dt: d
   data: [ -7.0757102421588527e+01, -3.7978013198987004e-01,
       -2.1179134134567118e-01 ]
R1: !!opencv-matrix
   rows: 3
   cols: 3
   dt: d
   data: [ 9.9986534401758620e-01, 1.5044017061268739e-05,
       -1.6410167770971755e-02, 1.7654634805519705e-04,
       9.9993184574401528e-01, 1.1673589780085642e-02,
       1.6409224965880549e-02, -1.1674915016576455e-02,
       9.9979719628301356e-01 ]
R2: !!opencv-matrix
   rows: 3
   cols: 3
   dt: d
   data: [ 9.9998111648716115e-01, 5.3672768868409746e-03,
       2.9931601879106574e-03, -5.3319668492434911e-03,
       9.9991753915493031e-01, -1.1682680337434970e-02,
       -3.0556175495436112e-03, 1.1666500296494405e-02,
       9.9992727534167347e-01 ]
P1: !!opencv-matrix
   rows: 3
   cols: 4
   dt: d
   data: [ 1.5288351181722321e+03, 0., 8.5787523651123047e+02, 0., 0.,
       1.5288351181722321e+03, 5.2889385986328125e+02, 0., 0., 0., 1.,
       0. ]
P2: !!opencv-matrix
   rows: 3
   cols: 4
   dt: d
   data: [ 1.5288351181722321e+03, 0., 8.5787523651123047e+02,
       -1.0817798582261817e+05, 0., 1.5288351181722321e+03,
       5.2889385986328125e+02, 0., 0., 0., 1., 0. ]
Q: !!opencv-matrix
   rows: 4
   cols: 4
   dt: d
   data: [ 1., 0., 0., -8.5787523651123047e+02, 0., 1., 0.,
       -5.2889385986328125e+02, 0., 0., 0., 1.5288351181722321e+03, 0.,
       0., 1.4132589977031896e-02, 0. ]
