%YAML:1.0
M1: !!opencv-matrix
   rows: 3
   cols: 3
   dt: d
   data: [ 1.6504334026937549e+03, 0., 8.4344411628760542e+02, 0.,
       1.6503042112248195e+03, 5.1568214727863585e+02, 0., 0., 1. ]
D1: !!opencv-matrix
   rows: 1
   cols: 8
   dt: d
   data: [ 1.1065308889128012e-01, -1.8657756315256415e+00,
       -8.4057544889609595e-04, -1.7153603865106878e-03,
       2.2235299715463974e+01, 7.1851911860416853e-02,
       -1.9569243120144924e+00, 2.2932294281379196e+01 ]
M2: !!opencv-matrix
   rows: 3
   cols: 3
   dt: d
   data: [ 1.6504334026937549e+03, 0., 8.4669757894341467e+02, 0.,
       1.6503042112248195e+03, 5.4533244086314471e+02, 0., 0., 1. ]
D2: !!opencv-matrix
   rows: 1
   cols: 8
   dt: d
   data: [ 2.2590788077604534e-01, -5.4144502376948154e+00,
       -1.8761384866479249e-03, 2.5608122681376120e-04,
       1.7150174195416120e+01, 1.0982856504794315e-01,
       -4.7611138321534918e+00, 1.5919694455804024e+01 ]
